Importers	2015-Exported quantity, Tons	2016-Exported quantity, Tons	2017-Exported quantity, Tons	2018-Exported quantity, Tons	2019-Exported quantity, Tons	2020-Exported quantity, Tons	2021-Exported quantity, Tons	2022-Exported quantity, Tons	2023-Exported quantity, Tons	2024-Exported quantity, Tons	
"World"	718597	753882	788404	756380	765872	621784	724670	720125	687561	672909	
"Guatemala"	67739	69779	73583	79261	87848	80138	116613	118246	117464	116116	
"Canada"	155912	152385	143218	135561	127519	81240	98107	96845	85171	74358	
"Chile"	54688	59605	61513	65221	60579	41566	59700	65121	61535	60643	
"India"	98077	117840	118965	97647	99546	71225	53138	63027	72168	82660	
"Honduras"	22051	28139	39847	45481	49950	34491	53039	49358	46348	44386	
"Mexico"	36460	27097	22522	17958	25122	31244	38896	41277	27632	32718	
"Pakistan"	31025	33076	51162	40017	34315	37508	39020	40920	44109	51873	
"Dominican Republic"	38149	48388	46051	42140	45397	43707	47052	39656	35166	32416	
"Nicaragua"	13574	16559	22493	21271	26610	35039	43915	34753	25287	27642	
"El Salvador"	14856	16028	17653	19917	23240	14599	27326	25328	24460	24529	
"Philippines"	19629	20084	16356	16484	13285	9278	16127	17759	15142	10121	
"United Arab Emirates"	22650	22305	24884	29530	28363	22759	17394	11601	13484	9747	
"Congo, Democratic Republic of the"	9016	12353	15772	15107	13892	11180	9279	10367	9726	5513	
"Liberia"	15202	10391	8454	9136	8477	8458	8119	8609	8964	9334	
"Costa Rica"	8725	8827	8708	8089	6453	4018	4974	8077	12158	9243	
"Tanzania, United Republic of"	13402	12239	10350	8716	7150	5900	5543	7053	5069	3895	
"Senegal"	5043	8971	8425	6117	7127	6064	5885	6604	9058	8256	
"Poland"	1463	1583	1560	1571	1894	4729	5293	6017	3926	3840	
"Angola"	7567	2438	8779	7590	7875	5516	7092	5189	4348	2362	
"Panama"	2281	2613	3374	2869	3212	1557	3835	4963	4269	5958	
"Tunisia"	5637	9110	6633	6927	7583	9043	6725	4606	6663	8520	
"Ukraine"	2546	2659	3014	3706	3992	5109	4958	3809	3312	2919	
"Guinea"	3116	4165	6272	6035	4515	4558	4413	3682	3712	3639	
"Malaysia"	5642	4945	4651	5720	12905	7588	2666	3670	3120	3334	
"Jordan"	5258	3547	3100	3578	3001	2938	2867	3407	3364	2685	
"Ghana"	2013	2367	2352	1994	2831	4180	3996	3367	3914	4022	
"Kenya"	9615	8939	8677	9928	8440	3381	3175	3335	3833	3264	
"Japan"	1553	1917	2208	2146	2162	1627	2285	2666	2486	2633	
"Thailand"	476	1869	2888	3590	3730	2854	1830	2514	2284	2402	
"Nigeria"	1268	949	1212	1971	1904	1367	1786	1887	1571	1775	
"Belize"	648	917	1194	1037	948	901	1198	1536	1280	1402	
"Mauritania"	358	545	611	603	986	527	1109	1237	1217	904	
"Cambodia"	2776	2788	2291	2498	1949	1281	1298	1138	868	905	
"Côte d'Ivoire"	281	575	446	627	924	837	979	1096	1182	604	
"Türkiye"	1740	1551	1634	1453	1790	2005	1297	1094	825	709	
"Lithuania"	1506	405	527	567	730	652	866	1042	1103	1211	
"Mali"	1761	1703	2137	1749	1826	1457	2300	1025	830	486	
"Uganda"	1121	1469	1283	1027	1772	1337	1350	1001	745	653	
"Venezuela, Bolivarian Republic of"	43	60	32	94	274	519	917	969	481	344	
"Italy"	762	1010	1099	1047	1010	446	607	917	597	456	
"Congo"	1188	1357	1067	1006	1340	909	521	905	632	533	
"China"	53	88	5	46	88	429	100	893	1799	12	
"Zambia"	304	461	1223	1882	1654	876	1471	850	519	568	
"Colombia"	68	66	160	265	316	37	358	646	1103	1142	
"Mozambique"	4017	3600	3905	2833	1699	974	1116	634	639	830	
"Sierra Leone"	2063	1331	2128	1917	1399	1067	765	599	641	663	
"Haiti"	1869	1893	1630	891	588	771	809	579	1112	435	
"Lebanon"	923	904	1104	1196	855	285	370	572	1259	1260	
"Madagascar"	612	954	1432	1307	890	738	874	554	751	449	
"Togo"	930	1109	712	1093	975	521	622	511	867	388	
"Bulgaria"	797	2314	1982	2517	2094	2051	809	494	657	736	
"Bolivia, Plurinational State of"	717	568	764	688	291	85	437	447	154	83	
"Gambia"	125	257	207	209	361	423	627	443	377	447	
"United Kingdom"	290	414	473	422	519	420	372	428	500	318	
"Malawi"	228	1291	741	565	533	466	637	397	313	50	
"Iraq"	256	409	1123	517	330	191	192	357	708	291	
"Samoa"	147	172	170	219	118	90	177	355	385	378	
"Niger"	941	191	484	437	892	588	474	354	359	186	
"Georgia"	71	130	146	203	335	267	256	313	369	357	
"Spain"	684	728	723	516	358	255	223	312	231	178	
"Burkina Faso"	234	320	524	769	612	503	475	276	277	226	
"Uruguay"	396	22	6	31	23	77	245	239	25	3	
"France"	236	248	314	269	258	155	120	232	246	290	
"Israel"	145	147	207	149	146	52	59	232	32	33	
"Estonia"	526	127	212	261	196	201	181	219	316	424	
"Cameroon"	676	815	594	466	331	210	237	212	126	119	
"Benin"	5893	3364	2603	2670	2087	1073	404	195	72	112	
"South Africa"	804	458	183	480	168	264	225	190	151	37	
"Romania"	471	513	381	379	491	298	335	169	119	209	
"Oman"	1768	1304	196	59	9	113	230	146	49	0	
"Australia"	62	299	427	343	144	95	268	135	375	493	
"Jamaica"	360	330	233	260	182	121	244	131	158	142	
"Micronesia, Federated States of"	16	26	56	53	63	134	188	130	99	134	
"Burundi"	841	651	415	511	387	34	347	125	18		
"Germany"	463	304	913	1048	1168	480	285	100	244	177	
"Ecuador"	213	109	169	15	5	7	89	95	62	8	
"Moldova, Republic of"	17	51	127	7	3	30	181	93	48	89	
"Somalia"	546	157	52	60	98	128	98	89	59	33	
"Bosnia and Herzegovina"	7		2	0			4	89	46	0	
"Saudi Arabia"	64	84	81	298	99	7	24	86	23	41	
"New Zealand"	4	12	43	9	25	40	69	84	66	29	
"Sweden"	10	15	31	1	8	6	2	83	13	28	
"Gabon"	323	407	227	215	378	38	36	79	46	175	
"Netherlands"	100	180	125	105	47	78	177	79	240	57	
"Latvia"	20	38	64	66	31	28	18	74	41	39	
"Trinidad and Tobago"	13	81	109	97	100	40	74	74	40	39	
"Austria"	1	0	3	0	1	2	6	63	9	8	
"Hong Kong, China"	122	38	22	45	15	81	26	62	24	16	
"Turks and Caicos Islands"	1	5	10	19	3	7	25	53	41	26	
"Korea, Republic of"	116	133	108	74	72	71	60	48	59	246	
"Ireland"	2	13	24	8	6	4	3	44	15	13	
"Uzbekistan"			8	18	8			44	45	2	
"Rwanda"	123	198	98	462	18		34	44			
"Denmark"	1	10	16	12	24	43	73	38	23	7	
"Czech Republic"	18	55	57	28	7	294	93	34	63	16	
"Slovakia"	4	25	58	14	85	70	79	33	690	67	
"Brazil"	0	259	0	7	13	15	31	32	49	55	
"Argentina"	8	142	144	27	2		14	31	27	54	
"Bermuda"	0	0				2	1	30		1	
"Belgium"	49	270	173	120	24	17	25	29	55	35	
"Eritrea"	6		10	69	17	116	44	28	56	25	
"Peru"	26	1	122	89	3	0	10	28	3	19	
"Morocco"	7	4	75	31	6	11	8	27	37	34	
"Yemen"	16	23	7	18	9	24	21	24	195	214	
"Sudan"			16	32	37	26	14	22	48	25	
"Solomon Islands"		8	24	45	22	32	18	21	31	42	
"Portugal"	131	177	175	191	181	107	203	21	41	6	
"Tajikistan"	11		14	31	13	34	40	21			
"Dominica"		5	38	48		17	3	20	0	14	
"Serbia"	70	3	17	10	8	8	7	19	11	4	
"Bahrain"	5	0		0			0	18	1	0	
"Belarus"	4				15	134	161	15			
"Finland"	39	15	44	6	2	9	3	15	10	1	
"Equatorial Guinea"	48	89	111	18	43	82	19	13		13	
"Bahamas"	36	0	2	28	0	0	6	13	2	2	
"Armenia"		21	57			1	14	13	0		
"Singapore"	39	192	123	44	14	10	42	13	44	4	
"Croatia"	2		9	4			4	12	1	9	
"Aruba"			0		1			11	1	16	
"Paraguay"	4	13	23	53	39	12	66	11	24	8	
"Kyrgyzstan"	27	60	38	30	51	29	11	10	71		
"Egypt"	172	73	43	42	11	8	81	10	12	5	
"Djibouti"	82	93	26	0	26	59	10	9		31	
"Libya, State of"		36	20	12	15	24	4	9	10	7	
"Kazakhstan"	14		4		0	39	43	8	191	263	
"Albania"	128	19	16	23	36	26	23	6	62	29	
"British Virgin Islands"		9		0	3	9	3	5		2	
"Kiribati"	18	23	4	28	25	10	10	5			
"Greece"	36	35	187	37	47	2	19	5	23		
"Iceland"	2	1	3			0		5			
"Azerbaijan"						15	15	4	2	21	
"Cabo Verde"	103	4	76			15	20	4	52	8	
"Cyprus"						1		4		3	
"Montenegro"	7	8	23	5	9	19	16	4	45	35	
"Vanuatu"				7	11	9	11	4	7		
"Guyana"		51	28	12	79	36	15	3		133	
"Kuwait"	12	3	3	2	2	1	10	3	4	1	
"Malta"		7	3					3	8		
"Norway"	4	92	34	44	12	3	4	3	10	3	
"Chad"	290	118	174	25			73	1			
"Fiji"		52	443	102	407		6	1			
"Namibia"		26			13	3	22	1	18		
"Switzerland"	2	0	7	5	1	1	6	1	9	15	
"Antigua and Barbuda"	0	0	9		18	0	10	0		28	
"Barbados"		0	0	0		0		0	6	2	
"Sri Lanka"	298	173	489	296	88	62	49	0	0	0	
"Greenland"								0			
"Hungary"		43	19	54	8		23	0	44	14	
"Indonesia"		26		0			4	0	8	36	
"Luxembourg"			0			0		0	1	11	
"Macao, China"	0				0	0	0	0			
"Taipei, Chinese"	2	44	27	1	46	1	4	0	5	0	
"Curaçao"	7	2				2	1	0	25		
"Saint Kitts and Nevis"		0		12	9			0			
"Viet Nam"	5	19	111	39	0	24	0	0	9	4	
"British Indian Ocean Territory"		59				1225	50		21	18	
"Christmas Island"						11					
"Cocos (Keeling) Islands"		25									
"Niue"		1	0			3					
"Marshall Islands"				0		5					
"Turkmenistan"					1						
"Afghanistan"	4		0	1	0	28	46				
"Algeria"	41		20		1		3				
"Bangladesh"			12						1	280	
"Botswana"		2			7						
"Myanmar"			0	0							
"Cayman Islands"		19			0	0	5			0	
"Central African Republic"	16	44			44					16	
"Comoros"	11										
"Cuba"			65		57	29				172	
"Ethiopia"		0		0		77	19				
"French Polynesia"	2	0				0					
"Grenada"		9	0		2	30	3			12	
"Iran, Islamic Republic of"			0								
"Lesotho"			23			21					
"Maldives"		25									
"Mauritius"		26					0				
"Mongolia"	5	3	11	3	10				12		
"Montserrat"				1							
"Nepal"										0	
"New Caledonia"			1								
"Palau"							16				
"Papua New Guinea"		27		32	24				3	11	
"Guinea-Bissau"	116	58	24							15	
"Qatar"	5	1	4	1	1	4	12		36	7	
"Russian Federation"	173	374	417	620	298	183	50		12		
"Anguilla"				18							
"Saint Lucia"	4	0	0	9		27	7		7	26	
"Saint Vincent and the Grenadines"			8	2		22	8				
"Seychelles"										0	
"Slovenia"			22	18	1	0					
"Zimbabwe"			20	14							
"Suriname"					2					1	
"Eswatini"				0			11		5		
"Syrian Arab Republic"						7					
"Tonga"		0									
"Macedonia, North"	8					5					
