Importers	2015-Exported quantity, Tons	2016-Exported quantity, Tons	2017-Exported quantity, Tons	2018-Exported quantity, Tons	2019-Exported quantity, Tons	2020-Exported quantity, Tons	2021-Exported quantity, Tons	2022-Exported quantity, Tons	2023-Exported quantity, Tons	2024-Exported quantity, Tons	
"World"	535638	521468	512375	516974	532639	492652	518126	480955	452091	437537	
"Netherlands"	75025	82849	81592	84433	91964	87036	86651	77645	74067	69010	
"Poland"	103822	106476	95826	84515	85700	77907	90134	84472	65238	65391	
"Türkiye"	13717	13977	15797	17604	20033	17586	19897	24580	29083	36092	
"United Arab Emirates"	19557	9480	10588	13513	17225	33167	30207	26625	28258	32157	
"Italy"	21086	22190	22410	22852	23368	19254	20610	20017	21515	23541	
"Belgium"	23029	22489	24892	29425	25250	25894	27841	29299	26957	18307	
"Bulgaria"	9866	9011	10594	11878	11690	14123	16449	17881	18669	16779	
"Tunisia"	19657	21730	19305	19774	22397	20760	21972	18936	18797	16090	
"Romania"	15917	18713	21850	22368	23193	18994	20836	18842	16192	15098	
"Hungary"	9384	10266	10240	10034	13822	14892	16218	13045	15269	14115	
"Pakistan"	23873	20295	20119	21733	21427	20047	19178	14017	9955	13823	
"Lithuania"	6018	6389	6751	7755	4581	7213	4089	6304	10979	10927	
"Czech Republic"	27765	23893	23214	22775	20471	15083	11017	11164	11180	10595	
"Togo"	10531	8234	9193	6030	5633	6255	5302	7260	9087	8360	
"Spain"	11603	11139	10967	9172	14164	5206	7340	7538	7800	7461	
"Ukraine"	6523	6463	6223	8177	6266	6755	11886	9242	10640	7143	
"Cameroon"	8356	8412	7964	8127	7345	7921	6463	7706	7850	6825	
"Iraq"	4479	4740	3866	4380	4409	4044	5568	4806	4171	6561	
"Chile"	4942	6742	6712	6177	6662	4813	6876	4871	3422	5437	
"Morocco"	8137	8133	6674	7083	8048	9157	8399	8118	10210	4924	
"Oman"	1473	1390	1442	2488	19		107	59	1436	4447	
"Ghana"	7086	6707	6384	6291	6699	7911	7624	5561	4533	3981	
"Jordan"	2157	1816	1481	1555	2024	2214	2638	2937	3161	3070	
"Belarus"	8189	7985	9208	9876	8210	5768	5205	2663	2749	2647	
"Serbia"	1336	1574	2206	2520	2633	2188	2022	1951	1807	2583	
"Côte d'Ivoire"	2655	2853	2693	2794	3204	3455	4394	3373	2463	2470	
"Bosnia and Herzegovina"	1007	1008	1136	1272	1203	1115	1295	1341	1274	2363	
"India"	9169	8552	6074	7417	18443	13104	11170	8508	4133	2311	
"Slovakia"	4672	4455	3106	3482	2410	2047	3121	5051	5443	2108	
"Lebanon"	5290	4504	4578	4358	2791	1360	2480	2679	1835	1958	
"Benin"	748	701	820	1401	1752	1518	1692	1203	1171	1878	
"France"	1625	1068	1508	1204	873	1151	2024	3636	1665	1337	
"Kazakhstan"	316	300	218	297	652	419	492	1962	1925	1244	
"South Africa"	1905	1125	1363	1435	1457	1359	1447	1258	971	1096	
"Kenya"	6865	5796	4772	4811	3057	1534	2005	1453	735	1021	
"Mali"	1645	1356	1623	2797	3881	3802	2848	1429	709	994	
"Uganda"	3435	3004	2389	2783	2955	2001	1888	2005	1314	925	
"Moldova, Republic of"	2217	1392	2432	2089	1309	1139	1367	1172	1033	869	
"Guinea"	2501	2247	2180	2307	1408	879	822	732	717	831	
"Congo, Democratic Republic of the"	5583	4459	3570	3041	2487	1717	1833	1090	1006	818	
"Austria"	1675	2400	1457	489	604	387	1128	1276	1544	806	
"Kyrgyzstan"	140	287	333	357	92	80	5	530	969	771	
"Chad"	1758	2042	1366	1367	1875	1483	1030	987	723	748	
"Mauritania"	287	587	691	918	1170	1095	878	630	657	733	
"Gambia"	750	517	508	538	627	844	691	613	637	677	
"Nigeria"	320	367	539	630	727	704	743	734	569	512	
"Mozambique"	3243	2206	818	482	200	345	504	608	526	485	
"Senegal"	1088	850	1022	920	534	491	613	713	676	411	
"Albania"	834	687	941	961	829	570	724	486	443	409	
"Latvia"	1075	980	849	967	941	705	2313	2567	1075	398	
"United States of America"	152	306	318	645	949	383	282	83	95	378	
"Georgia"	577	497	745	702	608	366	424	124	131	292	
"Somalia"	106	278	178	197	336	318	673	897	495	249	
"Angola"	5086	1070	4737	3930	3839	2180	1924	1357	540	243	
"Congo"	3146	3082	2246	1777	1226	856	1123	926	639	213	
"Switzerland"	26	22	24	46	13	46	18	79	2	213	
"Guatemala"	24	0	1				45	50		192	
"El Salvador"										191	
"Madagascar"	525	1264	1174	626	600	208	231	300	169	191	
"Tanzania, United Republic of"	4039	4304	2746	2203	1386	797	888	639	138	185	
"Brazil"	119	141	129	213	107	130	119	156	83	171	
"Burkina Faso"	111	78	13	30	37	51	65	101	166	166	
"Macedonia, North"					4	7	20	211	261	165	
"Greece"	387	185	211	210	365	340	152	99	59	134	
"Sao Tome and Principe"	243	281	100	136	117	183	167	154	145	131	
"Zambia"	2182	939	661	1162	1538	622	623	316	180	104	
"United Kingdom"	723	1496	1425	898	709	366	159	190	219	98	
"Estonia"	763	853	829	640	98	91	567	364	392	90	
"Guinea-Bissau"	140	96	89	31	68	101	130	50	113	57	
"Burundi"	9		18	220		125	74	24		50	
"Botswana"	52	52	133	105	36	46	114	36	25	48	
"Honduras"	22									38	
"Sierra Leone"	989	1191	699	387	327	373	120	22	41	37	
"Malaysia"									17	37	
"Venezuela, Bolivarian Republic of"		24	60	66	329	163	313	79	7	35	
"Equatorial Guinea"	213	63	107	118	135	259	1	16	37	30	
"Central African Republic"	674	862	995	1417	1517	67	45	43	23	20	
"Croatia"	224	240	78	81	72	30	56	54	35	20	
"Korea, Republic of"	13	4	5	11	4	14	4	2	2	20	
"Nicaragua"					119	239	346	59		19	
"Armenia"	32	47	19	22	26	37	13	11	10	16	
"Denmark"	43	21	79	186	22	27	20	18	2	16	
"Japan"	20	22	25	20	17	48	62	32	22	16	
"Gabon"	491	432	665	663	373	617	627	418	1	15	
"Algeria"	6	5	2	10						13	
"Niger"	1685	274	699	288	597	316	200	230	139	13	
"Sweden"	137	3	59	563	777	16	192	303	54	13	
"Cuba"										11	
"Egypt"	331	306	477	301	140	125	41			11	
"Yemen"				25	1					10	
"Papua New Guinea"								26	51	8	
"Sri Lanka"			22	1198	19	3	7			7	
"Eritrea"		8	6	1	13	5	4			7	
"Liberia"	431	216	103	178	133	68	35	6		5	
"Hong Kong, China"	1	2	3	6	0	0	0	0		4	
"New Zealand"	3	3	4	5	3	8	6	8	5	4	
"Dominican Republic"	0		79	21	7	6	30	29	15	2	
"Iceland"	4	2	4	3	2	0	3	2	1	2	
"Namibia"	2		1	3						2	
"Saudi Arabia"		3	1	0		1				2	
"Sudan"	109			28	79	4	33	5	2	2	
"Australia"	2	1	4	0	24	1	1	0	1	1	
"Finland"	98	47	58	48	77	22	9	107	37	1	
"Taipei, Chinese"	1	2			2		1	1		1	
"Portugal"	13	70	57	2	22	0	13	120	18	1	
"Ship stores and bunkers"								2	0	0	
"Afghanistan"	84	1	4	51	59		17		111	0	
"Argentina"										0	
"Canada"	12	60	382	379	130	0	0			0	
"Luxembourg"	17	106	2	2				0	1	0	
"Malta"	34	0			2		9			0	
"Norway"	8	3	4	4	34	12	8	8	4	0	
"British Virgin Islands"	24										
"French Southern and Antarctic Territories"								0			
"South Sudan"	23				18		49				
"Turkmenistan"						0					
"Azerbaijan"	31	25			14	16	11	5			
"Bahrain"		1	0	0		5					
"Bolivia, Plurinational State of"	3					20	0				
"Belize"	5										
"Cambodia"			1	21							
"Cabo Verde"	4	1		0		1					
"Cayman Islands"							0				
"China"	53	24	87	4	25	22	0				
"Colombia"								17			
"Costa Rica"	30	22		8			1				
"Cyprus"	10	57	0		13	2			1		
"Ethiopia"						1					
"Djibouti"	513	356	157	156	185	236	566	328	2		
"Palestine, State of"					10	1					
"Guyana"	0										
"Haiti"		109	54	108	27						
"Iran, Islamic Republic of"	7	26	22	12	0						
"Ireland"	9	4	40	39	1	0	1	0	1		
"Israel"		1	40	15	60	3	2				
"Kuwait"		2	1	0		4					
"Lesotho"		24			27						
"Libya, State of"	3	1	72	50	17	37	14	22	2		
"Malawi"	402	1042	722	83	70		43	194	125		
"Mauritius"				20	16			2			
"Mexico"		69									
"Mongolia"	412	437	604	558	354	214	190	199	184		
"Montenegro"		12							5		
"Nepal"			0								
"Panama"	83	151	142	190	68	23		47	22		
"Paraguay"		9	37								
"Peru"	22								2		
"Philippines"		52	25		6				2		
"Qatar"			9								
"Russian Federation"	5176	5112	7031	5617	5666	4828	5140	807			
"Rwanda"	159	105									
"Singapore"	0			0		0		0			
"Viet Nam"	1	1	0	1	4	1					
"Slovenia"	16	7	118	20	67	2	15	1	3		
"Zimbabwe"			19	363	0		2		4		
"Eswatini"							8				
"Syrian Arab Republic"	18	9	67	9	1	15	10		11		
"Tajikistan"	15					16	26				
"Thailand"	0		23	8			1	1	1		
"Uzbekistan"	181	18	146	182	183	35			0		
